CTYPE1 = 'RA--TAN'
CRPIX1 = 1070
CRVAL1 = 84.681209
CD1_1 = 0
CD1_2 = -9.16666666667e-05
PV1_1 = 1
PV1_2 = 0
CTYPE2 = 'DEC-TAN'
CRPIX2 = 2030
CRVAL2 = -2.5987266
CD2_1 = -9.16666666667e-05
CD2_2 = 0
PV2_1 = 1
PV2_2 = 1

