CTYPE1 = 'RA--TAN'
CRPIX1 = 1318
CRVAL1 = 84.660906
CD1_1 = 0
CD1_2 = -9.16666666667e-05
PV1_1 = 1
PV1_2 = 0
CTYPE2 = 'DEC-TAN'
CRPIX2 = 2292
CRVAL2 = -2.8267884
CD2_1 = -9.16666666667e-05
CD2_2 = 0
PV2_1 = 1
PV2_2 = 1

