CTYPE1 = 'RA--TAN'
CRPIX1 = 1263.5
CRVAL1 = 84.699732
CD1_1 = 0
CD1_2 = -9.16666666667e-05
PV1_1 = 1
PV1_2 = 0
CTYPE2 = 'DEC-TAN'
CRPIX2 = 1932
CRVAL2 = -2.6223998
CD2_1 = -9.16666666667e-05
CD2_2 = 0
PV2_1 = 1
PV2_2 = 1

