DATE = '2005-04-11T04:54:18'
RADESYS = 'FK5'
EQUINOX = 2000
CTYPE1 = 'RA---TAN'
CRPIX1 = -1004
CRVAL1 = 83.82
CD1_1 = -1.86928131e-05
CD1_2 = -6.42638346e-15
CTYPE2 = 'DEC--TAN'
CRPIX2 = 1103
CRVAL2 = -5.45
CD2_1 = -6.42638346e-15
CD2_2 = 1.86928131e-05

