DATE = '2005-11-29'
CTYPE1 = 'RA---TAN'
CRPIX1 = 849
CRVAL1 = 83.7869287761
CDELT1 = 2.76386086588e-05
CD1_1 = -2.76386086588e-05
CD1_2 = 0
CTYPE2 = 'DEC--TAN'
CRPIX2 = 517.5
CRVAL2 = -5.48932168811
CDELT2 = 2.76386086588e-05
CD2_1 = 0
CD2_2 = 2.76386086588e-05

