EQUINOX = 2000
CTYPE1 = 'RA---TAN'
CUNIT1 = 'deg'
CRPIX1 = 1342.3835
CRVAL1 = 79.0708454
CTYPE2 = 'DEC--TAN'
CUNIT2 = 'deg'
CRPIX2 = 1103.0216
CRVAL2 = 34.3125804
CD1_1 = -0.0016
CD1_2 = 0.0016
CD2_1 = 0.0016
CD2_2 = 0.0016

