DATE-OBS = '21/03/95'
DATE = '21/03/95'
EQUINOX = 0
CTYPE1 = 'RA---TAN'
CRPIX1 = 1819.5
CRVAL1 = 83.821996
CDELT1 = 0
CD1_1 = -2.77777777778e-05
CD1_2 = 0
CTYPE2 = 'DEC--TAN'
CRPIX2 = 2689.5
CRVAL2 = -5.3949917
CDELT2 = 0
CD2_1 = 0
CD2_2 = 2.77777777778e-05

