DATE-OBS = '2016-09-17T09:50:56.570'
RADESYS = 'FK5'
EQUINOX = 2000
CTYPE1 = 'RA---TAN'
CRPIX1 = 313
CRVAL1 = 83.808753
CDELT1 = -0.000213333335188
CTYPE2 = 'DEC--TAN'
CRPIX2 = 310
CRVAL2 = -5.376306
CDELT2 = 0.000213333335188

