DATE-OBS = '2015-11-19T06:45:58.640'
RADESYS = 'FK5'
EQUINOX = 2000
CTYPE1 = 'RA---TAN'
CRPIX1 = 349.608274394
CRVAL1 = 83.80881
CDELT1 = -0.000213333335188
CTYPE2 = 'DEC--TAN'
CRPIX2 = 321.110230892
CRVAL2 = -5.372984
CDELT2 = 0.000213333335188

