CTYPE1 = 'RA---TAN'
CRPIX1 = 1101
CRVAL1 = 83.7811291888889
CD1_1 = -2.77777777777778e-05
CD1_2 = 0
CTYPE2 = 'DEC--TAN'
CRPIX2 = 1101
CRVAL2 = -5.47926252222222
CD2_1 = 0
CD2_2 = 2.77777777777778e-05

