DATE = '2002-09-19'
EQUINOX = 2000
CTYPE1 = 'RA---TAN'
CRPIX1 = 478
CRVAL1 = 83.8185833295
CD1_1 = -7.22222175682e-05
CD1_2 = 0
CTYPE2 = 'DEC--TAN'
CRPIX2 = 380
CRVAL2 = -5.38969444434
CD2_1 = 0
CD2_2 = 7.22222175682e-05

