WCSNAME = 'DRZWCS'
RADESYS = 'FK5'
CTYPE1 = 'RA---TAN'
CRPIX1 = 888.5
CRVAL1 = 83.77112797812
CD1_1 = -2.9180500743778e-05
CD1_2 = -2.0436219267926e-05
CTYPE2 = 'DEC--TAN'
CRPIX2 = 832.5
CRVAL2 = -5.46948664189952
CD2_1 = -2.0436219267926e-05
CD2_2 = 2.9180500743778e-05

