WCSNAME = 'DRZWCS'
RADESYS = 'FK5'
CTYPE1 = 'RA---TAN'
CRPIX1 = 3296
CRVAL1 = 83.7798680379977
CD1_1 = 2.41216114062479e-06
CD1_2 = 1.36778182909249e-05
CTYPE2 = 'DEC--TAN'
CRPIX2 = 3197
CRVAL2 = -5.44095514564085
CD2_1 = 1.36778182909249e-05
CD2_2 = -2.4121611406247e-06
RADESYSO = 'FK5'
EQUINOXO = 2000

