WCSNAME = 'DRZWCS'
RADESYS = 'FK5'
CTYPE1 = 'RA---TAN'
CRPIX1 = 2785
CRVAL1 = 83.7911822004848
CD1_1 = 6.9465801085544e-06
CD1_2 = -1.2026897329042e-05
CTYPE2 = 'DEC--TAN'
CRPIX2 = 2489.5
CRVAL2 = -5.43724146974977
CD2_1 = -1.2026897329042e-05
CD2_2 = -6.9465801085544e-06
RADESYSO = 'FK5'
EQUINOXO = 2000

